100
9
9
25
37
7
4
39
8
21
17
24
14
35
24
29
26
13
20
25
22
33
33
8
14
22
14
22
34
6
15
35
1
9
36
3
2
27
33
35
7
14
32
38
35
23
35
8
3
15
20
21
25
25
36
37
21
40
25
34
4
15
18
38
32
21
26
10
35
12
40
6
40
30
10
9
4
30
19
8
22
31
27
7
21
7
3
23
18
28
6
24
23
11
5
38
30
4
32
40
8
250
100 36
76 42
58 73
90 69
54 28
66 2
92 57
77 90
78 21
79 68
61 68
97 94
51 96
31 4
89 69
78 53
78 44
65 97
35 99
30 93
15 71
51 76
67 45
85 27
87 97
2 12
82 36
57 89
83 34
69 47
69 10
77 64
44 70
53 17
96 97
62 93
56 81
80 82
90 8
56 97
90 93
20 47
40 81
63 81
16 56
31 81
9 51
96 95
96 71
55 93
68 74
79 7
84 18
60 29
100 99
96 64
36 17
77 34
49 57
21 19
97 51
82 11
40 98
49 82
83 87
59 13
70 72
65 23
92 56
100 20
61 46
35 39
38 39
91 3
25 66
44 89
22 77
40 56
71 32
98 89
52 90
58 42
37 32
98 77
42 47
93 96
99 95
15 19
67 29
7 40
99 96
21 72
61 4
67 70
79 40
93 89
83 86
44 76
40 92
95 44
20 93
69 59
26 78
81 85
71 94
57 47
93 97
37 22
93 60
68 58
100 98
85 96
49 50
42 64
98 87
6 64
58 41
99 91
75 38
80 75
59 37
21 94
57 26
14 3
43 66
60 95
48 4
85 55
91 50
94 6
64 97
88 92
70 86
69 79
37 72
78 35
56 4
39 29
95 86
80 65
4 92
80 89
41 74
68 46
38 61
36 60
78 98
30 19
22 83
55 50
65 81
26 9
78 77
52 62
84 70
53 74
26 4
98 88
36 39
74 93
60 11
48 38
72 39
100 97
100 1
5 66
64 41
35 96
83 50
14 94
25 98
87 99
98 83
1 6
5 6
58 46
88 41
76 36
77 81
70 41
92 81
25 36
88 97
100 13
37 80
10 45
1 29
87 88
93 50
96 89
99 63
79 86
85 87
73 94
90 71
22 42
48 50
76 89
87 39
54 92
17 8
20 8
56 67
21 71
4 88
60 53
50 61
17 92
64 74
43 96
73 30
88 82
80 94
92 13
96 98
67 80
69 54
27 35
98 91
40 94
99 79
98 99
15 65
76 88
12 15
16 78
52 66
56 87
19 37
94 99
79 94
75 93
41 21
61 7
74 36
13 66
15 90
40 15
87 34
64 80
86 61
3 42
64 70
91 83
67 6
98 94
13 40
25 68
100 95
57 67